823.2508
837.4622
853.7539
868.5305
883.1653
895.3666
909.6927
923.9734
936.8030
949.1779
959.7456
971.8162
985.7017
998.1777
1009.0159
1020.7447
1033.4308
1045.3249
1055.1584
1065.5936
1074.9424
1084.2304
1091.4032
1100.1918
1105.3549
1112.4451
1117.6589
1124.2743
1128.8786
1135.2163
1140.7275
1144.3795
1146.9739
1149.3367
1150.4733
1152.6535
1154.5983
1156.1264
1157.7891
1158.2220
1157.7198
1156.8892
1155.2999
1153.7786
1151.3262
1148.7172
1146.0901
1143.1391
1138.0839
1134.3753
1129.4513
1123.7344
1118.3135
1111.5309
1105.1309
1097.2580
1091.2157
1084.3482
1077.9600
1069.6341
1060.9470
1051.1525
1040.7130
1030.6844
1021.1011
1010.7185
1000.6822
990.8484
979.6518
968.3626
958.5056
947.5941
937.7704
925.9244
913.4276
891.1727
875.9494
862.4993
850.4813
838.7929
825.0793
813.4786
803.2170
789.7436
777.3025
762.0993
749.9860
738.7804
727.4923
715.5033
704.4443
691.4386
677.3266
662.2221
651.1114
640.3385
627.7109
615.6425
603.2810
593.2697
581.0801
569.6874
557.4218
544.3239
533.1087
521.0116
508.6464
498.1898
487.2402
476.7697
466.2209
457.6872
447.4648
436.8076
426.7847
417.7209
408.4139
396.7393
388.7486
380.7855
372.4697
364.3333
356.6304
349.3141
341.1273
331.8863
327.0610
320.2850
314.3469
308.5487
303.7161
298.2782
293.2940
289.1827
284.7013
280.2296
276.2203
272.8203
269.9822
268.2830
266.2127
265.0062
263.5532
263.0345
262.8209
263.0939
263.7926
265.1530
266.3040
268.4726
271.6162
275.7010
279.9071
283.7685
288.1212
292.8989
298.4072
304.0353
310.4781
316.7874
324.5652
329.6338
337.7558
344.0608
352.2467
360.5798
370.8740
381.3094
391.7747
400.6039
410.3597
421.6930
433.4405
445.0923
454.7032
467.2037
480.6365
492.5281
503.3335
516.4830
528.8829
543.0852
554.1959
566.6540
577.7181
589.8861
598.7781
606.1024
612.4659
618.3617
622.0138
624.2203
625.8712
625.9494
625.5154
624.7903
623.3936
620.8363
617.7671
614.1063
609.2516
602.8528
595.8804
588.8804
580.2639
573.2310
565.2424
557.0068
549.5570
541.6736
534.5453
527.0769
520.5161
513.0234
506.1572
499.3842
492.2083
485.4869
477.9473
466.5197
460.3485
454.7063
450.8985
446.5222
443.1359
438.9324
435.4884
431.3970
427.2444
423.7916
421.9355
419.8924
417.9344
415.7085
414.0657
412.0897
410.2574
409.7611
409.5188
409.3846
409.3737
409.3737
411.3240
413.6987
417.5692
422.0499
425.7225
430.5896
435.6243
442.3928
448.5745
454.5126
460.7828
466.9906
474.9825
483.9499
493.6622
504.7728
514.8757
524.0509
534.4760
542.5502
551.1557
557.8931
565.5904
572.5194
579.1413
585.2414
591.4924
596.8755
600.7887
604.1718
606.9983
608.4720
609.4288
609.6576
609.7859
609.9053
609.9116
609.9116
609.9116
609.9116
609.9116
609.9116
609.9116
609.9116
609.9116
609.9116
611.8528
616.6110
625.1863
633.6262
643.2177
653.9665
663.3216
673.4472
680.9050
689.0863
696.9965
704.6874
710.4597
716.2540
720.4831
723.4994
726.4060
728.6171
730.0592
729.4226
727.3354
724.2567
721.3095
717.3725
713.3112
708.8142
704.9718
699.5948
694.5695
690.0422
684.2465
678.7322
672.8205
665.3458
660.7759
655.3452
649.2578
643.0622
637.5523
633.3864
629.7835
625.6597
623.3387
621.0946
619.4640
617.2721
615.7043
613.6710
611.7945
609.9338
608.6678
607.8484
607.0373
606.0146
605.6487
605.2556
603.4849
601.4887
599.4876
597.4160
594.5384
590.2804
586.8388
582.6928
578.5257
574.7085
570.5387
565.3318
560.6739
555.8143
550.6967
545.3297
540.3203
534.9710
528.8658
518.4364
512.0815
507.5673
504.2713
501.5138
498.4428
497.7477
497.5276
497.8758
499.2104
502.6806
509.2006
516.7469
524.2595
533.6083
543.2556
553.6913
562.8233
572.3734
582.4605
591.1649
596.9176
601.1418
605.8891
609.1611
610.7200
610.5422
610.3134
610.3064
610.2995
610.2925
610.2888
610.2888
610.2888
610.2888
610.2888
610.2888
610.2888
610.2888
610.2888
610.2888
610.2888
610.2888
610.2888
610.2888
610.2888
610.2888
610.2888
610.2888
610.2888
610.2888
610.2888
610.2888
610.2888
610.2888
610.2888
610.2888
610.2888
610.2888
610.2888
610.2888
610.2888
610.2888
610.2888
610.2888
610.2888
610.2888
610.2888
610.2888
610.2888
610.2888
610.2888
610.2888
610.2888
610.2888
610.2888
610.2888
610.2888
610.2888
610.2888
610.2888
610.2888
610.2888
610.2888
610.2888
610.2888
610.2888
610.2888
610.2888
610.2888
610.2888
610.2888
610.2888
610.2888
610.2888
610.2888
610.2888
610.2888
610.2888
610.2888
610.2888
610.2888
610.2888
610.2888
610.2888
610.2888
610.2888
610.2888
610.2888
610.2888
610.2888
610.2888
610.2888
610.2888
610.2888
610.2888
610.2888
610.2888
610.2888
610.2888
610.2888
610.2888
610.2888
610.2888
610.2888
610.2888
610.2888
610.2888
610.2888
610.2888
610.2888
610.2888
610.2888
610.2888
610.2888
610.2888
610.2888
610.2888
610.2888
610.2888
610.2888
610.2888
610.2888
610.2888
610.2888
610.2888
610.2888
610.2888
610.2888
610.2888
610.2888
610.2888
610.2888
610.2888
610.2888
610.2888
610.2888
610.2888
610.2888
610.2888
610.2888
610.2888
610.2888
610.2888
610.2971
611.0517
613.0939
615.2597
618.0892
624.5140
630.1209
636.0637
643.5779
650.8804
660.0408
670.8830
679.7615
690.0597
699.0927
707.5186
714.5890
721.7874
729.4133
735.3099
741.1089
745.2250
748.4627
753.1583
757.1974
759.3609
761.1364
762.4243
762.3405
762.1234
760.8680
759.0039
756.4907
752.1564
747.5986
743.0819
736.6418
730.7953
724.7570
717.5256
710.7458
704.0043
696.8103
689.5332
682.2973
673.7249
665.8590
659.4831
653.2464
647.4045
641.4901
635.4886
629.7528
624.6691
621.0621
618.1369
614.8579
612.0506
609.2200
606.6857
604.8140
602.5486
600.5617
599.1490
597.0364
595.1722
593.0162
590.5037
587.5075
584.4292
580.9952
577.5655
573.6786
569.8332
565.0542
560.2685
554.8960
548.0602
539.8721
532.3068
524.1271
515.6185
505.7432
495.7260
485.0926
476.4375
467.6221
460.1932
452.6039
444.9116
439.2593
434.0739
429.9532
427.7716
430.7796
436.3964
443.3539
454.8028
466.1385
479.6942
492.4490
508.6464
529.2258
548.4636
564.9494
578.5563
588.8066
597.3019
605.3694
610.6729
613.9389
614.3663
613.7564
611.6097
609.8863
609.6348
609.7297
609.7361
609.7361
609.7361
609.7361
609.7361
609.7361
609.6519
607.9740
605.6212
602.4728
598.8283
594.9724
591.1161
586.4332
582.9384
579.1158
575.0199
570.4456
564.3101
558.4927
550.5378
542.7198
531.9667
520.3355
507.8915
496.3821
484.6053
471.8900
458.2779
444.7044
433.0654
420.7180
408.6532
395.9298
386.0952
375.8955
369.0511
363.3110
359.3333
357.7640
358.8052
361.4324
365.0175
370.8923
378.7829
387.3870
397.0513
407.4539
417.3784
428.0368
440.5846
453.6577
467.1333
481.4846
494.9697
507.5659
523.0288
536.9087
551.3204
565.7182
580.1131
594.5308
609.5308
624.5308
639.5239
654.4658
669.4077
684.3553
699.7135
715.1050
730.4964
745.8879
761.2794
776.6708
792.0623
807.4537
822.8452
