897.1785
904.2892
909.7724
915.0035
921.3876
926.6303
932.9162
938.2427
944.9445
951.0598
955.8340
960.3770
965.1640
970.2809
973.9103
977.2531
980.6083
982.7806
984.9552
987.2226
989.2263
990.6235
991.6920
992.9672
993.2726
994.0438
994.3917
994.3870
993.8575
993.0683
992.1233
990.9444
989.5078
987.7791
985.9342
983.7705
980.6084
976.5972
972.7375
968.6630
965.1201
961.1418
956.9117
952.7928
947.1429
941.2291
935.5486
929.2441
922.7759
914.9034
907.9473
901.2634
894.9265
889.6212
881.2633
874.1502
865.5989
857.7843
847.8323
838.6816
829.3206
820.1677
811.0956
800.5933
792.5348
784.4793
776.4604
766.8767
756.9143
747.5960
737.0668
726.8957
712.8769
698.5019
684.1154
672.6861
660.4181
649.8663
638.9684
628.8971
618.8971
609.7807
599.4820
588.6742
577.3958
566.6468
556.1955
543.7870
533.6526
522.2776
512.4826
501.2153
492.0344
482.3519
472.3501
461.9832
450.1297
439.2734
428.7365
419.2926
408.5789
398.7762
392.6103
384.0575
374.9645
366.5100
356.8070
348.2148
337.4748
328.6209
320.9894
313.7845
306.4237
299.4444
292.2179
285.7197
279.4432
273.6320
268.2754
261.5558
256.3329
250.7572
244.6751
239.4457
234.8240
231.1993
227.2108
223.1597
219.5407
217.2974
214.3885
211.4800
209.0496
207.1157
204.9450
203.3351
202.4141
201.8573
201.4988
201.1972
201.3367
202.1942
203.3290
204.3105
205.3364
207.0183
209.1554
211.3605
213.3679
215.4902
219.0207
223.0100
226.9516
231.0111
235.9476
240.3672
245.3431
250.3431
256.6835
263.8246
271.7397
279.0952
285.0555
292.8142
301.7091
312.0017
321.4184
329.1689
337.2231
347.5044
357.6980
369.8012
380.7979
391.1562
401.6415
413.0726
426.8183
441.0094
454.2607
465.9857
478.1572
492.2883
505.6220
523.0644
537.9000
552.3928
567.6404
581.1135
595.0842
605.9492
613.9962
620.3393
627.6560
632.7729
636.5610
637.4232
637.5786
636.1315
632.6459
629.1356
625.2329
621.2937
617.3631
613.1320
607.9849
602.0255
595.4382
590.2634
585.1236
581.6548
577.2146
573.5302
569.0837
565.7868
561.1772
558.2199
551.0548
546.1534
543.9600
541.9362
539.9340
537.9340
537.4235
537.5371
537.1122
536.1845
535.0936
534.4462
534.0689
533.8464
533.6901
533.7052
533.9993
534.6164
535.5181
536.4681
537.5207
538.5734
539.6960
540.8725
542.4522
544.1914
545.9559
547.8131
549.6702
551.6165
553.6052
555.5938
557.7139
560.5993
564.5789
567.5622
569.7516
571.7357
573.7145
575.6408
577.5638
580.3412
584.0704
587.4247
589.5780
591.4650
593.5617
595.6510
597.4067
599.1002
600.1895
600.9038
601.3944
601.7278
601.8421
601.6441
601.4461
601.2352
600.2417
598.9790
598.4816
598.1262
598.1175
598.1175
598.1175
598.1175
598.1175
598.1175
598.1175
598.1175
598.1175
598.1175
598.1239
599.7798
0
0
0
0
0
0
0
0
0
0
0
0
0
0
0
0
0
0
0
0
0
0
0
0
0
0
0
0
0
0
0
0
0
0
0
0
0
0
0
0
0
0
0
0
0
0
0
0
0
0
0
0
0
0
0
0
0
0
0
0
0
0
0
0
0
0
0
0
0
0
0
0
0
0
0
0
0
0
0
0
0
0
0
0
0
0
0
0
0
0
0
0
0
0
0
0
0
0
0
0
0
0
0
0
0
0
0
0
0
0
0
0
0
0
0
0
0
0
0
0
0
0
0
0
0
0
0
0
0
0
0
0
0
0
0
0
0
0
0
0
0
0
0
0
0
0
0
0
0
0
0
0
0
0
0
0
0
0
0
0
0
0
0
0
0
0
0
0
0
0
0
0
0
0
0
0
0
0
0
0
0
0
0
0
0
0
0
0
0
0
0
0
0
0
0
0
0
0
0
0
0
0
0
0
0
0
0
0
0
0
0
0
0
0
0
0
0
0
0
0
0
0
0
0
0
0
0
0
0
0
0
0
0
0
0
0
0
0
0
0
0
0
0
0
0
0
0
0
0
0
0
0
0
0
0
0
0
0
0
0
0
0
0
0
0
0
0
0
0
0
0
0
0
0
0
0
0
0
0
0
0
0
0
0
0
0
0
0
0
0
0
0
0
0
0
0
0
0
0
0
0
0
0
0
0
0
0
0
0
0
0
0
0
0
0
0
0
0
0
0
0
0
0
0
0
0
0
0
0
0
0
0
0
0
0
0
0
0
0
0
0
0
0
0
0
0
0
0
0
0
0
0
0
0
0
0
0
0
0
0
0
0
0
0
0
577.5819
573.6167
570.0269
565.7845
1127.7591
558.4169
555.1453
553.0557
550.9662
548.8703
546.7192
544.5654
542.5315
541.7103
540.9960
541.2137
541.8069
542.4309
543.8604
545.3683
546.9153
549.7792
552.6882
556.1356
560.3321
564.5285
569.6189
574.8731
579.9950
585.6955
592.1955
599.0835
606.2950
613.4366
620.0740
626.7769
635.2158
643.8306
653.7336
663.7336
673.6839
683.5620
693.7343
704.0788
712.9458
721.7295
730.5133
740.0519
750.1709
760.0005
769.6346
778.8403
787.8403
796.8837
806.0141
815.1445
824.2114
832.6997
841.1944
849.7493
858.2701
865.9370
873.5457
880.6365
887.6133
894.9461
