780.0000
792.3064
806.2098
820.7523
835.3215
849.6627
864.9426
878.2363
892.1676
905.6052
919.5495
931.6996
945.8867
957.9276
970.3822
984.6190
996.0325
1007.6811
1019.0233
1030.2746
1042.0218
1052.3630
1061.9902
1071.6568
1081.1060
1089.7163
1096.1218
1101.9519
1107.4357
1113.9218
1120.0139
1126.3576
1131.1397
1134.3929
1136.8197
1138.6735
1140.5022
1142.7571
1144.5507
1145.6452
1145.3783
1144.3810
1142.0847
1139.9576
1136.7902
1132.8290
1129.0011
1124.3713
1119.1781
1113.0864
1107.2824
1100.8689
1094.3570
1086.7720
1080.0211
1073.4291
1065.4317
1057.5548
1047.5219
1036.9558
1028.2992
1017.8910
1008.7896
999.3809
987.5846
976.1050
965.0412
954.8841
944.7676
934.1501
923.2608
911.2674
888.0908
872.8688
859.9394
846.9768
835.5647
822.8570
811.4235
800.2003
788.9058
774.4919
759.6336
747.9570
735.7695
724.0779
712.3337
699.3225
688.1720
674.4599
660.4188
647.9672
637.1198
624.9131
613.3098
601.4416
589.4183
577.2124
564.9109
552.6589
540.5626
529.1050
518.2764
507.4656
495.9049
484.3285
473.6729
462.8482
452.7165
443.2462
433.3967
424.0690
412.4851
403.6382
394.6201
384.4831
376.3365
368.3914
361.0787
352.6572
346.0522
338.8550
330.0613
322.6170
316.4144
310.5801
304.5322
298.5560
293.8429
289.2866
284.4396
279.1824
274.9068
270.8481
267.0854
263.4962
260.7938
259.0111
256.9787
254.8291
253.4706
252.1847
251.1442
250.1521
250.1175
250.8056
251.6505
252.7340
253.7973
255.0699
256.5295
259.8923
263.3893
266.8788
271.0543
275.2938
278.7640
283.2485
288.8448
293.7096
300.2525
306.8803
313.9345
320.8791
327.2600
334.2986
342.0267
349.6292
358.6927
369.4008
378.8350
388.9071
399.4615
408.2453
419.7624
430.4569
442.8446
455.8364
467.5105
478.3746
490.4227
503.3856
515.1127
529.1382
543.2846
554.1430
565.1408
577.6855
587.6422
596.2757
604.3902
609.6402
612.8551
613.8177
613.5069
612.0883
608.9760
604.8847
599.6875
593.2772
586.0560
578.3444
569.8591
561.2890
553.9779
545.7927
537.5851
530.2023
522.0696
516.3607
509.0793
501.9886
494.7541
487.6144
480.7444
475.0256
462.5375
456.0410
450.7536
445.8863
441.9853
437.8046
433.8590
429.3762
425.9778
421.7190
418.0693
414.6247
412.3808
410.3215
408.4330
406.7989
404.7911
402.7891
400.6688
399.1255
397.9292
397.8946
397.7387
397.7453
397.9030
398.0314
398.0520
399.7496
402.2149
405.1573
409.2964
412.7971
416.7650
420.4776
426.9602
432.9431
438.9264
445.1261
450.5490
457.2460
464.9323
472.0389
481.9459
492.3572
501.3952
510.7082
521.2948
531.8478
539.8387
547.6334
554.8749
561.5097
568.3611
575.8625
581.5636
588.0913
592.2127
595.4151
597.5015
597.7771
598.0776
597.8108
597.9340
597.7989
597.7863
597.7818
597.4979
597.7493
598.0695
597.9491
597.9437
597.9339
597.8275
599.9196
603.5292
608.0457
613.7075
621.5198
630.5540
641.2070
651.8409
660.6287
670.1193
678.0007
686.0916
694.9057
701.1716
707.1911
710.9287
714.3573
717.0622
715.3766
712.4746
707.9565
703.7347
699.3612
695.2667
690.0074
685.5708
680.0973
674.2185
668.6904
663.3219
656.8421
651.4344
645.0908
638.8539
632.5357
628.4619
624.5294
620.4883
616.3228
613.4993
611.8170
609.8316
608.0303
605.7413
604.2836
602.0932
600.1377
597.9847
596.8174
595.5704
594.7911
594.4586
593.8581
593.6135
592.0484
590.1592
587.8846
585.3045
581.3270
576.8544
573.1729
568.9014
565.0048
560.8841
555.8049
550.9261
545.0529
540.7263
535.6048
530.3729
526.3770
515.8649
507.6233
502.3083
498.1110
494.9833
491.9498
488.7260
486.8100
485.8454
485.0559
484.9357
485.2496
486.3316
487.8533
490.2128
493.0916
498.8455
505.3949
512.1756
521.3985
531.6493
540.9418
551.4667
560.9410
570.4542
581.0851
587.4183
592.7163
596.9818
598.0799
598.1011
598.1011
598.0940
597.6635
597.6315
598.0732
597.9455
597.9437
597.9437
597.9437
597.9437
597.9437
597.9437
597.9437
597.9437
597.9437
597.9437
597.9437
597.9437
597.9437
597.9437
597.9437
597.9437
597.9437
597.9437
597.9437
597.9437
597.9437
597.9437
597.9437
597.9437
597.9437
597.9437
597.9437
597.9437
597.9437
597.9437
597.9437
597.9437
597.9437
597.9437
597.9437
597.9437
597.9437
597.9437
597.9437
597.9437
597.9437
597.9437
597.9437
597.9437
597.9437
597.9437
597.9437
597.9437
597.9437
597.9437
597.9437
597.9437
597.9437
597.9437
597.9437
597.9437
597.9437
597.9437
597.9437
597.9437
597.9437
597.9437
597.9437
597.9437
597.9437
597.9437
597.9437
597.9437
597.9437
597.9437
597.9437
597.9437
597.9437
597.9437
597.9437
597.9437
597.9437
597.9437
597.9437
597.9437
597.9437
597.9437
597.9437
597.9437
597.9437
597.9437
597.9437
597.9437
597.9437
597.9437
597.9437
597.9437
597.9437
597.9437
597.9437
597.9437
597.9437
597.9437
597.9437
597.9437
597.9437
597.9437
597.9437
597.9437
597.9437
597.9437
597.9437
597.9437
597.9437
597.9437
597.9437
597.9437
597.9437
597.9437
597.9437
597.9437
597.9437
597.9437
597.9437
597.9437
597.9437
597.9437
597.9436
597.9429
597.9422
597.9415
597.9408
597.9402
597.9048
597.7390
597.7202
598.2169
599.9829
602.2072
604.3152
605.8810
608.8725
614.5010
621.0929
626.8088
632.8368
640.2080
648.5311
658.1417
667.8407
678.9486
687.8062
697.1938
704.0793
712.5714
720.0650
726.9225
732.2422
736.8700
740.2034
744.2927
747.5033
749.5389
750.3074
749.4153
747.3050
742.8981
738.3367
732.9809
727.0973
721.3142
714.9540
708.5637
701.0391
694.2442
686.9923
679.0411
670.6913
662.6757
655.0655
648.2345
642.5015
636.5641
631.2619
624.9090
620.0633
615.6175
611.7790
608.4093
605.5841
602.7418
600.0841
597.3162
595.4182
593.2579
591.1386
589.1721
587.4418
585.4429
583.1879
580.9606
577.6105
574.4503
571.3524
568.0055
564.1508
559.3183
556.0983
550.3744
545.0067
537.2315
528.2110
520.7196
512.7490
502.5901
492.5744
483.2189
472.3555
464.1702
456.3868
448.9629
441.4672
434.3928
428.7146
424.2404
420.2830
417.7435
415.9435
414.4435
415.2568
417.6741
421.0850
426.7296
433.0889
441.5597
452.4755
464.6004
478.9124
491.9147
507.9303
528.0757
547.4121
563.7238
575.6754
586.5604
595.0800
601.7103
600.6487
598.5692
598.1649
597.8005
597.9108
597.9158
597.9158
597.9158
597.9158
597.9141
597.7745
596.5208
593.4785
589.5840
585.5894
581.6739
577.6556
573.5484
570.1408
566.1677
561.5394
555.0300
547.8913
539.9187
529.0883
518.0883
505.3110
492.8540
480.6101
469.3624
456.6389
441.4753
429.4046
417.3139
405.1331
393.2188
382.2689
373.4639
365.2869
359.4239
353.8253
350.5870
347.2875
345.8919
345.4852
346.2984
347.4086
349.4345
352.4634
355.9434
360.3943
367.4414
375.4856
384.9959
394.2981
404.9552
414.3033
425.3922
437.9233
450.7695
464.1021
478.5024
491.1503
505.6321
519.1066
534.0366
548.3214
562.4886
576.6108
592.2797
608.8725
621.5762
635.7084
652.5768
666.9099
681.7773
698.7064
713.5273
730.1494
745.6172
760.3189
776.3189
