918.1179
925.3907
931.5234
937.5682
943.5705
949.3762
955.1798
961.0313
966.8907
972.3706
976.5135
979.9282
983.1357
986.0679
988.8118
991.5557
994.1675
996.2951
998.3280
1000.1137
1001.8761
1003.1659
1004.4159
1005.1137
1005.6779
1006.0771
1006.4425
1006.2686
1006.0378
1005.5974
1004.5974
1003.5126
1002.1126
1000.6769
999.0405
997.3932
995.3076
993.1507
989.6304
985.7304
981.7454
977.7275
973.8291
970.1003
966.3485
961.9558
956.9601
951.4793
945.7586
939.6716
932.8426
925.3230
918.6564
911.9897
905.2013
899.2042
892.4164
884.5703
876.7401
868.7274
860.0911
850.8359
840.7008
831.8964
823.2600
814.6236
805.9873
796.9330
787.7792
778.5478
768.9315
759.2991
749.6581
739.9990
729.6163
715.4180
699.8687
686.0604
675.0472
663.8650
650.9150
641.8933
632.6794
622.8145
612.5199
602.0257
591.1950
580.3356
569.5121
559.0811
548.6500
538.1996
526.9742
514.9583
504.2976
494.9679
485.1825
475.3402
464.2487
452.3478
441.7475
432.1575
422.5025
412.9898
404.0617
395.9734
387.2198
378.3122
369.3788
360.4455
350.1545
339.9697
332.1326
324.3469
317.2119
310.1678
303.2960
296.4755
290.3505
284.2899
277.3642
272.3721
266.3236
260.4001
254.7996
248.9888
243.7547
240.1523
235.8227
232.0479
229.0486
226.2074
223.6259
221.0544
218.8662
216.7448
214.7674
214.2518
214.2550
214.4310
214.7209
215.3147
216.2547
217.3735
218.8678
220.7867
222.8139
224.7987
228.3481
232.5362
236.6176
240.7474
245.7391
250.1296
255.4355
260.6958
267.6675
274.9223
282.0436
288.7367
296.1865
304.0350
313.0514
321.8505
330.1604
338.5597
347.9950
357.4686
367.3200
377.4019
387.4839
397.5659
409.8951
423.0501
436.2052
449.3603
462.5154
475.6705
489.7036
503.9999
518.2962
532.5925
548.4921
566.2341
581.9380
594.2879
604.7582
614.7020
622.2281
631.1172
636.7947
643.0023
646.3269
648.4171
650.3567
650.5470
650.5470
649.5421
647.1649
645.3535
642.4564
637.7070
634.3991
630.5504
626.6126
622.1547
617.8030
612.1399
606.0733
599.1076
594.7394
590.7864
586.8322
582.8779
578.9237
574.9567
570.9139
566.8663
561.6430
556.0890
553.6972
551.7958
550.6895
550.5402
550.1135
549.0905
548.0553
547.0188
546.2804
546.2362
546.1919
546.1508
546.6631
547.4911
548.3578
549.2922
550.4250
551.5578
552.6906
553.8614
555.2228
557.2163
559.2236
561.2309
563.2382
565.2752
567.3300
569.8698
573.5463
577.0415
579.3954
581.3553
583.0220
585.0531
587.2261
589.2261
593.0369
596.6400
598.7394
600.2412
602.4177
604.9071
607.0437
609.0407
610.4713
611.7576
612.4467
613.6298
614.0044
614.1023
614.1708
614.2393
614.3078
614.3034
614.0128
612.5566
610.5647
610.2916
610.2166
610.2166
610.2166
610.2166
610.2166
610.2166
610.2166
610.2166
610.2166
610.2166
0
0
0
0
0
0
0
0
0
0
0
0
0
0
0
0
0
0
0
0
0
0
0
0
0
0
0
0
0
0
0
0
0
0
0
0
0
0
0
0
0
0
0
0
0
0
0
0
0
0
0
0
0
0
0
0
0
0
0
0
0
0
0
0
0
0
0
0
0
0
0
0
0
0
0
0
0
0
0
0
0
0
0
0
0
0
0
0
0
0
0
0
0
0
0
0
0
0
0
0
0
0
0
0
0
0
0
0
0
0
0
0
0
0
0
0
0
0
0
0
0
0
0
0
0
0
0
0
0
0
0
0
0
0
0
0
0
0
0
0
0
0
0
0
0
0
0
0
0
0
0
0
0
0
0
0
0
0
0
0
0
0
0
0
0
0
0
0
0
0
0
0
0
0
0
0
0
0
0
0
0
0
0
0
0
0
0
0
0
0
0
0
0
0
0
0
0
0
0
0
0
0
0
0
0
0
0
0
0
0
0
0
0
0
0
0
0
0
0
0
0
0
0
0
0
0
0
0
0
0
0
0
0
0
0
0
0
0
0
0
0
0
0
0
0
0
0
0
0
0
0
0
0
0
0
0
0
0
0
0
0
0
0
0
0
0
0
0
0
0
0
0
0
0
0
0
0
0
0
0
0
0
0
0
0
0
0
0
0
0
0
0
0
0
0
0
0
0
0
0
0
0
0
0
0
0
0
0
0
0
0
0
0
0
0
0
0
0
0
0
0
0
0
0
0
0
0
0
0
0
0
0
0
0
0
0
0
0
0
0
0
0
0
0
0
0
0
0
0
0
0
0
0
0
0
0
0
0
0
0
0
0
0
0
0
602.7806
598.7589
595.0428
591.2748
587.3180
583.3611
579.4043
575.5061
571.6926
568.4153
565.3737
562.7236
560.2203
558.2203
556.2097
554.1731
553.7240
553.6544
553.8529
555.2973
557.1552
559.1738
561.6420
565.5850
569.6640
573.0977
577.1305
583.3485
589.5601
595.7090
602.1482
609.1047
616.0612
623.0177
630.5439
638.6608
647.3499
657.1912
667.2814
677.5631
687.6441
697.5766
707.0745
716.1370
725.1995
734.2620
743.6762
753.5000
763.3239
773.1479
782.5040
791.3532
800.2024
809.0674
818.1297
827.2206
836.1386
844.8687
853.0784
861.0618
869.0082
876.9546
884.7201
891.6042
898.5571
905.7336
912.9101
920.0865
